  33  35  32  32  33  31  32  33  33  33  45 105 106 100 106 100
  33  30  32  32  34  33  32  30  30  32  41 103 111 112 113 105
  31  30  33  33  30  29  31  31  32  34  37 100 112 113 110 104
  31  30  32  31  32  31  31  32  36  34  38 109 118 113 112 108
  33  32  33  31  31  37  34  32  41  38  46 105 106 109 108 104
  31  31  32  33  33  36 104 107 108 107 109  58  42  40  39  48
  30  30  32  33  32  42 113 119 120 120 114  46  38  32  32  34
  30  29  28  31  31  37 108 116 123 120 117  53  36  32  32  29
  30  30  29  31  35  39 103 115 119 121 120  55  35  33  34  32
  28  30  30  31  34  39 109 116 118 120 111  50  39  34  34  31
  29  31  30  32  34  35 106 118 117 121 118 103 107  98 102 102
  29  30  33  35  34  39 109 116 117 122 121 115 113 116 119 118
  31  30  29  30  32  37 110 116 115 121 120 121 116 115 116 117
  31  30  33  33  32  35 105 116 115 117 118 120 117 114 115 117
  28  31  32  30  31  34 108 114 114 116 116 116 115 114 113 113
  29  30  28  28  30  33  59  66  58  56  57  70  68  60  53  62
  27  29  30  28  28  30  28  27  27  27  42 107 106 100 106 100
  30  28  26  29  27  30  32  30  30  31  41 108 112 112 111 104
  23  24  28  27  26  30  30  30  29  31  40 101 111 112 113 102
  25  22  28  29  28  32  30  30  28  32  40 105 107 111 113 106
  25  27  28  27  32  28  31  28  33  36  44 103 110 109 107 106
  26  27  28  29  28  32 102 102 102 107 105  54  47  41  37  47
  27  26  28  28  29  40 109 111 111 115 109  37  30  30  28  27
  29  26  28  27  28  37 111 112 111 113 108  44  25  25  26  26
  25  25  27  27  27  37 106 113 112 115 111  50  28  27  26  27
  25  25  25  27  25  40 109 116 114 113 112  42  29  27  26  29
  23  23  23  26  27  34 107 113 114 115 115 101 101  92  93  94
  25  24  23  26  28  34 109 115 115 115 115 115 111 111 114 114
  22  23  27  24  26  38 115 114 116 116 116 114 112 113 114 115
  23  22  26  22  26  38 107 113 115 114 116 116 114 114 114 114
  22  22  24  24  25  32 109 113 114 113 115 114 112 112 116 110
  23  24  26  25  23  30  58  67  65  58  56  69  66  57  54  65
  31  29  26  30  27  29  31  31  29  35  46 105 103  98  98  97
  27  29  32  33  29  29  28  29  35  32  46 105 108 107 106 100
  31  33  26  30  30  28  29  29  29  31  44  96 106 109 105  98
  31  33  25  27  29  27  31  33  29  28  43 108 109 104 101 100
  27  24  27  30  27  33  31  36  35  38  48  95 101  99  98  95
  27  23  25  24  29  45  95  96  97 102  98  55  39  42  39  46
  27  26  27  30  29  46 104 109 111 108  98  45  33  29  29  31
  23  27  27  30  30  42 100 112 111 110 104  45  36  35  31  31
  26  25  30  30  32  42 102 108 106 109 107  49  37  33  27  25
  29  24  31  32  32  49 106 105 109 112  98  42  38  31  29  27
  30  25  28  26  28  44 103 105 108 111 106  92  90  85  90  92
  32  30  28  25  31  40  99 104 108 110 112 108 107 107 104 104
  27  27  28  29  29  41 101 105 106 109 109 106 106 108 107 103
  28  32  29  30  31  36 102 105 111 111 107 108 107 104 108 103
  30  31  29  30  32  38 103 106 105 106 111 109 104 111 106 102
  26  23  27  29  29  38  59  69  61  56  57  67  64  62  51  61

 100 105 104 108 104  48  34  29  32  31 102 118 117 117 113  62
 106 113 110 112 108  39  32  32  34  34 102 119 116 115 113  53
 100 112 113 113 109  40  32  32  33  34  98 116 115 114 114  60
 106 111 112 118 106  42  38  36  35  39 107 113 116 117 115  68
 105 103 100 109 105  58  46  53  55  50 103 115 121 120 116  70
  45  41  37  38  46 109 114 117 120 111 118 121 120 118 116  57
  33  32  34  34  38 107 120 120 121 120 121 122 121 117 116  56
  33  30  32  36  41 108 120 123 119 118 117 117 115 115 114  58
  33  30  31  32  32 107 119 116 115 116 118 116 116 116 114  66
  32  32  31  31  34 104 113 108 103 109 106 109 110 105 108  59
  31  33  29  31  37  36  42  37  39  39  35  39  37  35  34  33
  33  34  30  32  31  33  32  31  35  34  34  34  32  32  31  30
  32  32  33  31  31  33  33  31  31  31  32  35  30  33  30  28
  32  32  33  32  33  32  32  28  29  30  30  33  29  33  32  28
  35  30  30  30  32  31  30  29  30  30  31  30  30  30  31  30
  33  33  31  31  33  31  30  30  30  28  29  29  31  31  28  29
 100 104 102 106 106  47  27  26  27  29  94 114 115 114 110  65
 106 111 113 113 107  37  28  26  26  26  93 114 114 114 116  54
 100 112 112 111 109  41  30  25  27  27  92 111 113 114 112  57
 106 112 111 107 110  47  30  25  28  29 101 111 112 114 112  66
 107 108 101 105 103  54  37  44  50  42 101 115 114 116 114  69
  42  41  40  40  44 105 109 108 111 112 115 115 116 116 115  56
  27  31  31  32  36 107 115 113 115 113 115 115 116 114 113  58
  27  30  29  28  33 102 111 111 112 114 114 115 116 115 114  65
  27  30  30  30  28 102 111 112 113 116 113 115 114 113 113  67
  28  32  30  30  31 102 109 111 106 109 107 109 115 107 109  58
  30  30  30  32  28  32  40  37  37  40  34  34  38  38  32  30
  28  27  26  28  32  28  29  28  27  25  27  28  26  26  25  23
  28  29  27  29  27  29  28  27  27  27  26  26  24  22  24  25
  30  26  28  28  28  28  28  28  27  25  23  23  27  26  24  26
  29  28  24  22  27  27  26  26  25  25  23  24  23  22  22  24
  27  30  23  25  25  26  27  29  25  25  23  25  22  23  22  23
  97 100  98 100  95  46  31  31  25  27  92 104 103 103 102  61
  98 106 105 101  98  39  29  31  27  29  90 104 107 108 106  51
  98 107 109 104  99  42  29  35  33  31  85 107 108 104 111  62
 103 108 106 109 101  39  33  36  37  38  90 107 106 107 104  64
 105 105  96 108  95  55  45  45  49  42  92 108 106 108 109  67
  46  46  44  43  48  98  98 104 107  98 106 112 109 107 111  57
  35  32  31  28  38 102 108 110 109 112 111 110 109 111 106  56
  29  35  29  29  35  97 111 111 106 109 108 108 106 111 105  61
  31  29  29  33  36  96 109 112 108 105 105 104 105 105 106  69
  31  28  29  31  31  95 104 100 102 106 103  99 101 102 103  59
  29  29  28  27  33  45  46  42  42  49  44  40  41  36  38  38
  27  29  30  29  27  29  29  30  32  32  28  31  29  31  32  29
  30  33  30  27  30  24  30  30  30  32  26  25  29  30  30  29
  26  32  26  25  27  25  27  27  30  31  28  28  28  29  29  27
  29  29  33  33  24  23  26  27  25  24  25  30  27  32  31  23
  31  27  31  31  27  27  27  23  26  29  30  32  27  28  30  26

  62  53  60  68  70  57  56  58  66  59  33  30  28  28  30  29
 113 113 114 115 116 116 116 114 114 108  34  31  30  32  31  28
 117 115 114 117 120 118 117 115 116 105  35  32  33  33  30  31
 117 116 115 116 121 120 121 115 116 110  37  32  30  29  30  31
 118 119 116 113 115 121 122 117 116 109  39  34  35  33  30  29
 102 102  98 107 103 118 121 117 118 106  35  34  32  30  31  29
  31  34  34  39  50 111 120 118 116 109  39  34  31  30  30  28
  32  34  33  35  55 120 121 119 115 103  39  35  31  29  30  30
  29  32  32  36  53 117 120 123 116 108  37  31  31  28  29  30
  34  32  32  38  46 114 120 120 119 113  42  32  33  32  30  30
  48  39  40  42  58 109 107 108 107 104  36  33  33  32  31  31
 104 108 109 106 105  46  38  41  32  34  37  31  31  33  32  33
 108 112 113 118 109  38  34  36  32  31  31  32  31  32  30  31
 104 110 113 112 100  37  34  32  31  31  29  30  33  33  30  31
 105 113 112 111 103  41  32  30  30  32  33  34  32  32  30  33
 100 106 100 106 105  45  33  33  33  32  31  33  32  32  35  33
  65  54  57  66  69  56  58  65  67  58  30  23  25  26  24  23
 110 116 112 112 114 115 113 114 113 109  32  25  24  24  22  22
 114 114 114 114 116 116 114 115 113 107  38  26  22  26  22  23
 115 114 113 112 114 116 116 116 114 115  38  26  24  27  23  22
 114 114 111 111 115 115 115 115 115 109  34  28  26  23  24  25
  94  93  92 101 101 115 115 114 113 107  34  27  26  23  23  23
  29  26  27  29  42 112 113 114 116 109  40  25  27  25  25  25
  27  26  27  28  50 111 115 112 113 106  37  27  27  27  25  25
  26  26  25  25  44 108 113 111 112 111  37  28  27  28  26  29
  27  28  30  30  37 109 115 111 111 109  40  29  28  28  26  27
  47  37  41  47  54 105 107 102 102 102  32  28  29  28  27  26
 106 107 109 110 103  44  36  33  28  31  28  32  27  28  27  25
 106 113 111 107 105  40  32  28  30  30  32  28  29  28  22  25
 102 113 112 111 101  40  31  29  30  30  30  26  27  28  24  23
 104 111 112 112 108  41  31  30  30  32  30  27  29  26  28  30
 100 106 100 106 107  42  27  27  27  28  30  28  28  30  29  27
  61  51  62  64  67  57  56  61  69  59  38  29  29  27  23  26
 102 106 111 104 109 111 106 105 106 103  38  32  30  29  31  30
 103 108 104 107 108 107 111 111 105 102  36  31  30  29  32  28
 103 107 108 106 106 109 109 106 105 101  41  29  29  28  27  27
 104 104 107 107 108 112 110 108 104  99  40  31  25  28  30  32
  92  90  85  90  92 106 111 108 105 103  44  28  26  28  25  30
  27  29  31  38  42  98 112 109 105 106  49  32  32  31  24  29
  25  27  33  37  49 107 109 106 108 102  42  32  30  30  25  26
  31  31  35  36  45 104 110 111 112 100  42  30  30  27  27  23
  31  29  29  33  45  98 108 111 109 104  46  29  30  27  26  27
  46  39  42  39  55  98 102  97  96  95  45  29  24  25  23  27
  95  98  99 101  95  48  38  35  36  31  33  27  30  27  24  27
 100 101 104 109 108  43  28  29  33  31  27  29  27  25  33  31
  98 105 109 106  96  44  31  29  29  29  28  30  30  26  33  31
 100 106 107 108 105  46  32  35  29  28  29  29  33  32  29  27
  97  98  98 103 105  46  35  29  31  31  29  27  30  26  29  31

  29  28  31  31  29  29  28  30  30  30  31  33  31  31  33  33
  30  31  30  30  30  31  30  30  29  30  31  32  30  30  30  35
  28  32  33  29  33  30  30  29  28  32  32  33  32  33  32  32
  28  30  33  30  35  32  31  31  31  33  33  31  31  33  32  32
  30  31  32  32  34  34  34  35  31  32  33  31  32  30  34  33
  33  34  35  37  39  35  39  39  37  42  36  37  31  29  33  31
  59 108 105 110 109 106 109 103 108 113 104  34  31  31  32  32
  66 114 116 116 116 118 116 115 116 119 107  32  32  31  30  33
  58 114 115 115 117 117 118 119 123 120 108  41  36  32  30  33
  56 116 117 121 122 121 120 121 120 120 107  38  34  34  32  33
  57 116 118 120 121 118 111 120 117 114 109  46  38  37  41  45
  70 116 120 121 115 103  50  55  53  46  58 105 109 100 103 105
  68 115 117 116 113 107  39  35  36  38  42 106 118 112 111 106
  60 114 114 115 116  98  34  33  32  32  40 109 113 113 112 100
  53 113 115 116 119 102  34  34  32  32  39 108 112 110 113 106
  62 113 117 117 118 102  31  32  29  34  48 104 108 104 105 100
  23  22  23  22  25  23  25  25  29  27  26  25  25  23  30  27
  24  22  22  23  24  23  25  25  26  26  27  27  22  24  28  29
  26  24  26  27  23  23  25  27  28  28  28  28  28  28  26  30
  25  24  22  24  26  26  27  27  27  28  29  27  29  27  29  28
  23  25  26  26  28  27  25  27  28  29  28  32  28  26  27  28
  30  32  38  38  34  34  40  37  37  40  32  28  32  30  30  30
  58 109 107 115 109 107 109 106 111 109 102  31  30  30  32  28
  67 113 113 114 115 113 116 113 112 111 102  28  30  30  30  27
  65 114 115 116 115 114 114 112 111 111 102  33  28  29  30  27
  58 113 114 116 115 115 113 115 113 115 107  36  32  31  31  27
  56 115 116 116 115 115 112 111 108 109 105  44  40  40  41  42
  69 114 116 114 115 101  42  50  44  37  54 103 105 101 108 107
  66 112 114 112 111 101  29  28  25  30  47 110 107 111 112 106
  57 112 114 113 111  92  27  27  25  30  41 109 111 112 112 100
  54 116 114 114 114  93  26  26  26  28  37 107 113 113 111 106
  65 110 114 115 114  94  29  27  26  27  47 106 106 102 104 100
  26  30  28  27  32  30  29  26  23  27  27  27  31  31  27  31
  23  31  32  27  30  25  24  25  27  26  23  24  33  33  29  29
  27  29  29  28  28  28  31  30  27  27  25  27  25  26  32  26
  29  30  30  29  25  26  32  30  30  30  24  30  27  30  33  30
  29  32  31  29  31  28  32  32  30  29  29  27  29  30  29  27
  38  38  36  41  40  44  49  42  42  46  45  33  27  28  29  29
  59 103 102 101  99 103 106 102 100 104  95  31  31  29  28  31
  69 106 105 105 104 105 105 108 112 109  96  36  33  29  29  31
  61 105 111 106 108 108 109 106 111 111  97  35  29  29  35  29
  56 106 111 109 110 111 112 109 110 108 102  38  28  31  32  35
  57 111 107 109 112 106  98 107 104  98  98  48  43  44  46  46
  67 109 108 106 108  92  42  49  45  45  55  95 108  96 105 105
  64 104 107 106 107  90  38  37  36  33  39 101 109 106 108 103
  62 111 104 108 107  85  31  33  35  29  42  99 104 109 107  98
  51 106 108 107 104  90  29  27  31  29  39  98 101 105 106  98
  61 102 103 103 104  92  27  25  31  31  46  95 100  98 100  97

