  74  74  72  71  73  83 119 117 115 115 109 115 121 122 124 127
  71  71  71  70  72  94 137 141 142 142 145 153 155 152 152 150
  69  70  68  69  72  94 141 143 146 145 148 156 157 156 155 146
  67  67  68  69  70  86 142 143 145 144 145 152 154 155 154 146
  70  70  72  73  73  85 136 141 137 139 141 145 150 151 151 147
  92 108 107 110 106 106 103 113 111 110 115 115 115 110 108  97
 109 142 138 142 138 122  69  69  66  65  62  63  65  61  62  55
 120 139 142 143 138 108  66  62  58  59  58  60  56  58  59  54
 123 145 145 142 137 110  67  59  56  55  55  56  56  58  57  53
 121 144 140 136 140 108  62  60  55  54  56  56  57  54  55  51
 100 115 112 103 112  98  59  55  55  53  57  74  83  85  86  72
  58  60  57  56  54  59  57  52  52  54  62 132 144 145 137 127
  57  56  56  54  54  54  53  54  53  52  59 136 145 147 139 134
  55  51  52  51  50  54  52  54  53  51  67 142 144 142 141 135
  51  51  52  52  51  51  49  54  52  51  67 140 146 142 138 131
  51  52  52  52  51  49  49  50  50  51  63 132 131 125 120 121
  50  50  50  50  49  64  93  93  94  93  84  92  99 101  99 103
  50  50  48  49  49  67 113 114 114 115 116 121 126 127 122 120
  48  50  47  48  53  69 114 114 114 114 117 123 124 123 122 123
  49  50  47  46  49  64 112 114 113 113 118 123 123 122 122 119
  50  48  47  51  49  58 112 110 112 109 115 117 120 119 118 120
  70  87  84  86  85  82  76  82  84  81  86  88  84  79  76  70
  87 115 114 111 112  94  45  44  42  41  43  44  43  41  39  40
 101 114 114 112 112  80  43  41  39  38  39  41  41  38  39  39
  98 112 113 112 111  80  41  40  40  40  39  41  41  38  38  37
  97 112 111 111 110  82  39  38  40  40  38  39  39  39  41  40
  74  88  86  82  83  74  38  38  36  39  38  56  62  61  64  56
  44  42  40  42  41  39  38  38  37  38  42 110 118 112 111 109
  40  39  37  37  38  37  36  36  39  40  44 113 120 115 116 112
  39  39  36  39  41  37  36  35  37  39  52 122 119 118 115 111
  38  39  38  39  38  35  34  32  35  37  48 118 115 118 115 113
  37  36  34  34  34  33  32  32  33  34  44 109 105 101  94 101
  43  44  46  47  47  60  86  85  85  85  81  85  86  89  95  93
  42  39  44  45  49  65  96  94  95  97 102 107 108 108 106 105
  43  40  41  42  39  62  96  92  94  97 102 106 109 111 108 102
  38  39  40  43  42  54  95  94  93  97  99 104 107 109 104 103
  40  45  43  40  41  54  96  94  93  97 100 106 103 106 104 100
  66  79  77  80  74  70  56  68  65  63  72  73  68  65  56  56
  80  97 100 100  96  75  34  34  34  36  35  37  35  36  36  35
  86  99  98 101  98  68  38  36  36  36  38  37  37  36  34  38
  91 101  98  98  95  67  34  36  36  33  36  34  34  34  33  35
  84  99  98  96  92  68  37  36  34  33  36  35  36  31  33  33
  66  67  69  65  69  61  36  34  32  32  33  55  60  61  61  56
  34  32  30  32  34  39  35  33  33  34  39 102 103 101  98  95
  36  37  35  35  35  35  35  34  34  33  38 101 102 102  98  92
  34  33  34  33  31  31  34  33  33  31  46 101 103 102  97  92
  33  35  34  31  29  32  33  33  33  31  43 100 106 102  97  94
  30  30  31  29  27  29  30  32  30  32  41  91  88  87  83  82

 127 150 146 146 147  97  55  54  53  51  72 127 134 135 131 121
 124 152 155 154 151 108  62  59  57  55  86 137 139 141 138 120
 122 152 156 155 151 110  61  58  58  54  85 145 147 142 142 125
 121 155 157 154 150 115  65  56  56  57  83 144 145 144 146 131
 115 153 156 152 145 115  63  60  56  56  74 132 136 142 140 132
 109 145 148 145 141 115  62  58  55  56  57  62  59  67  67  63
 115 142 145 144 139 110  65  59  55  54  53  54  52  51  51  51
 115 142 146 145 137 111  66  58  56  55  55  52  53  53  52  50
 117 141 143 143 141 113  69  62  59  60  55  52  54  54  54  50
 119 137 141 142 136 103  69  66  67  62  59  57  53  52  49  49
  83  94  94  86  85 106 122 108 110 108  98  59  54  54  51  49
  73  72  72  70  73 106 138 138 137 140 112  54  54  50  51  51
  71  70  69  69  73 110 142 143 142 136 103  56  54  51  52  52
  72  71  68  68  72 107 138 142 145 140 112  57  56  52  52  52
  74  71  70  67  70 108 142 139 145 144 115  60  56  51  51  52
  74  71  69  67  70  92 109 120 123 121 100  58  57  55  51  51
 103 120 123 119 120  70  40  39  37  40  56 109 112 111 113 101
  99 122 122 122 118  76  39  39  38  41  64 111 116 115 115  94
 101 127 123 122 119  79  41  38  38  39  61 112 115 118 118 101
  99 126 124 123 120  84  43  41  41  39  62 118 120 119 115 105
  92 121 123 123 117  88  44  41  41  39  56 110 113 122 118 109
  84 116 117 118 115  86  43  39  39  38  38  42  44  52  48  44
  93 115 114 113 109  81  41  38  40  40  39  38  40  39  37  34
  94 114 114 113 112  84  42  39  40  40  36  37  39  37  35  33
  93 114 114 114 110  82  44  41  40  38  38  38  36  35  32  32
  93 113 114 112 112  76  45  43  41  39  38  38  36  36  34  32
  64  67  69  64  58  82  94  80  80  82  74  39  37  37  35  33
  49  49  53  49  49  85 112 112 111 110  83  41  38  41  38  34
  50  49  48  46  51  86 111 112 112 111  82  42  37  39  39  34
  50  48  47  47  47  84 114 114 113 111  86  40  37  36  38  34
  50  50  50  50  48  87 115 114 112 112  88  42  39  39  39  36
  50  50  48  49  50  70  87 101  98  97  74  44  40  39  38  37
  93 105 102 103 100  56  35  38  35  33  56  95  92  92  94  82
  95 106 108 104 104  56  36  34  33  33  61  98  98  97  97  83
  89 108 111 109 106  65  36  36  34  31  61 101 102 102 102  87
  86 108 109 107 103  68  35  37  34  36  60 103 102 103 106  88
  85 107 106 104 106  73  37  37  34  35  55 102 101 101 100  91
  81 102 102  99 100  72  35  38  36  36  33  39  38  46  43  41
  85  97  97  97  97  63  36  36  33  33  32  34  33  31  31  32
  85  95  94  93  93  65  34  36  36  34  32  33  34  33  33  30
  85  94  92  94  94  68  34  36  36  36  34  33  34  33  33  32
  86  96  96  95  96  56  34  38  34  37  36  35  35  34  33  30
  60  65  62  54  54  70  75  68  67  68  61  39  35  31  32  29
  47  49  39  42  41  74  96  98  95  92  69  34  35  31  29  27
  47  45  42  43  40  80 100 101  98  96  65  32  35  33  31  29
  46  44  41  40  43  77 100  98  98  98  69  30  35  34  34  31
  44  39  40  39  45  79  97  99 101  99  67  32  37  33  35  30
  43  42  43  38  40  66  80  86  91  84  66  34  36  34  33  30

 121 120 125 131 132  63  51  50  50  49  49  51  52  52  52  51
 131 138 142 146 140  67  51  52  54  49  51  51  52  52  51  51
 135 141 142 144 142  67  51  53  54  52  54  50  51  52  51  55
 134 139 147 145 136  59  52  53  54  53  54  54  54  56  56  57
 127 137 145 144 132  62  54  52  52  57  59  54  56  57  60  58
  72  86  85  83  74  57  53  55  55  59  98 112 103 112 115 100
  51  55  54  57  56  56  54  55  60  62 108 140 136 140 144 121
  53  57  58  56  56  55  55  56  59  67 110 137 142 145 145 123
  54  59  58  56  60  58  59  58  62  66 108 138 143 142 139 120
  55  62  61  65  63  62  65  66  69  69 122 138 142 138 142 109
  97 108 110 115 115 115 110 111 113 103 106 106 110 107 108  92
 147 151 151 150 145 141 139 137 141 136  85  73  73  72  70  70
 146 154 155 154 152 145 144 145 143 142  86  70  69  68  67  67
 146 155 156 157 156 148 145 146 143 141  94  72  69  68  70  69
 150 152 152 155 153 145 142 142 141 137  94  72  70  71  71  71
 127 124 122 121 115 109 115 115 117 119  83  73  71  72  74  74
 101  94 101 105 109  44  34  33  32  32  33  34  34  34  36  37
 113 115 118 115 118  48  37  35  32  34  35  38  39  38  39  38
 111 115 118 119 122  52  39  37  35  36  37  41  39  36  39  39
 112 116 115 120 113  44  40  39  36  36  37  38  37  37  39  40
 109 111 112 118 110  42  38  37  38  38  39  41  42  40  42  44
  56  64  61  62  56  38  39  36  38  38  74  83  82  86  88  74
  40  41  39  39  39  38  40  40  38  39  82 110 111 111 112  97
  37  38  38  41  41  39  40  40  40  41  80 111 112 113 112  98
  39  39  38  41  41  39  38  39  41  43  80 112 112 114 114 101
  40  39  41  43  44  43  41  42  44  45  94 112 111 114 115  87
  70  76  79  84  88  86  81  84  82  76  82  85  86  84  87  70
 120 118 119 120 117 115 109 112 110 112  58  49  51  47  48  50
 119 122 122 123 123 118 113 113 114 112  64  49  46  47  50  49
 123 122 123 124 123 117 114 114 114 114  69  53  48  47  50  48
 120 122 127 126 121 116 115 114 114 113  67  49  49  48  50  50
 103  99 101  99  92  84  93  94  93  93  64  49  50  50  50  50
  82  83  87  88  91  41  32  30  32  30  29  27  29  31  30  30
  94  97 102 106 100  43  31  33  33  33  32  29  31  34  35  33
  92  97 102 103 101  46  31  33  33  34  31  31  33  34  33  34
  92  98 102 102 101  38  33  34  34  35  35  35  35  35  37  36
  95  98 101 103 102  39  34  33  33  35  39  34  32  30  32  34
  56  61  61  60  55  33  32  32  34  36  61  69  65  69  67  66
  33  33  31  36  35  36  33  34  36  37  68  92  96  98  99  84
  35  33  34  34  34  36  33  36  36  34  67  95  98  98 101  91
  38  34  36  37  37  38  36  36  36  38  68  98 101  98  99  86
  35  36  36  35  37  35  36  34  34  34  75  96 100 100  97  80
  56  56  65  68  73  72  63  65  68  56  70  74  80  77  79  66
 100 104 106 103 106 100  97  93  94  96  54  41  40  43  45  40
 103 104 109 107 104  99  97  93  94  95  54  42  43  40  39  38
 102 108 111 109 106 102  97  94  92  96  62  39  42  41  40  43
 105 106 108 108 107 102  97  95  94  96  65  49  45  44  39  42
  93  95  89  86  85  81  85  85  85  86  60  47  47  46  44  43

  51  51  55  57  58 100 121 123 120 109  92  70  67  69  71  74
  52  51  51  56  60 115 144 145 139 142 108  70  67  70  71  74
  52  52  52  56  57 112 140 145 142 138 107  72  68  68  71  72
  52  52  51  54  56 103 136 142 143 142 110  73  69  69  70  71
  51  51  50  54  54 112 140 137 138 138 106  73  70  72  72  73
  49  51  54  54  59  98 108 110 108 122 106  85  86  94  94  83
  49  49  52  53  57  59  62  67  66  69 103 136 142 141 137 119
  50  54  54  54  52  55  60  59  62  69 113 141 143 143 141 117
  50  52  53  53  52  55  55  56  58  66 111 137 145 146 142 115
  51  51  51  52  54  53  54  55  59  65 110 139 144 145 142 115
  63  67  67  59  62  57  56  55  58  62 115 141 145 148 145 109
 132 140 142 136 132  74  56  56  60  63 115 145 152 156 153 115
 131 146 144 145 144  83  57  56  56  65 115 150 154 157 155 121
 125 142 142 147 145  85  54  58  58  61 110 151 155 156 152 122
 120 138 141 139 137  86  55  57  59  62 108 151 154 155 152 124
 121 131 135 134 127  72  51  53  54  55  97 147 146 146 150 127
  37  38  39  40  44  74  97  98 101  87  70  50  49  48  50  50
  36  39  39  39  42  88 112 112 114 115  87  48  50  50  50  50
  34  38  36  37  40  86 111 113 114 114  84  47  47  47  48  50
  34  39  39  37  42  82 111 112 112 111  86  51  46  48  49  50
  34  38  41  38  41  83 110 111 112 112  85  49  49  53  49  49
  33  35  37  37  39  74  82  80  80  94  82  58  64  69  67  64
  32  34  36  36  38  38  39  41  43  45  76 112 112 114 113  93
  32  32  35  36  38  38  38  40  41  44  82 110 114 114 114  93
  33  35  37  39  37  36  40  40  39  42  84 112 113 114 114  94
  34  37  39  40  38  39  40  40  38  41  81 109 113 114 115  93
  44  48  52  44  42  38  38  39  39  43  86 115 118 117 116  84
 109 118 122 113 110  56  39  41  41  44  88 117 123 123 121  92
 105 115 119 120 118  62  39  41  41  43  84 120 123 124 126  99
 101 118 118 115 112  61  39  38  38  41  79 119 122 123 127 101
  94 115 115 116 111  64  41  38  39  39  76 118 122 122 122  99
 101 113 111 112 109  56  40  37  39  40  70 120 119 123 120 103
  30  33  34  36  34  66  84  91  86  80  66  40  38  43  42  43
  30  35  33  37  32  67  99 101  99  97  79  45  39  40  39  44
  31  34  34  35  30  69  98  98  98 100  77  43  40  41  44  46
  29  31  33  35  32  65  96  98 101 100  80  40  43  42  45  47
  27  29  31  35  34  69  92  95  98  96  74  41  42  39  49  47
  29  32  31  35  39  61  68  67  68  75  70  54  54  62  65  60
  30  33  34  35  35  36  37  34  38  34  56  96  95  96  96  86
  32  33  33  34  33  34  36  36  36  34  68  94  94  92  94  85
  30  33  33  34  33  32  34  36  36  34  65  93  93  94  95  85
  32  31  31  33  34  32  33  33  36  36  63  97  97  97  97  85
  41  43  46  38  39  33  36  36  38  35  72 100  99 102 102  81
  91 100 101 101 102  55  35  34  37  37  73 106 104 106 107  85
  88 106 103 102 103  60  36  34  37  35  68 103 107 109 108  86
  87 102 102 102 101  61  31  34  36  36  65 106 109 111 108  89
  83  97  97  98  98  61  33  33  34  36  56 104 104 108 106  95
  82  94  92  92  95  56  33  35  38  35  56 100 103 102 105  93

