 106 126 130 130 126 130 129 122 124 126 123 120 121 121 114 112
 116 134 138 139 137 136 138 136 136 135 135 133 133 131 128 119
 114 134 133 136 139 138 139 138 135 132 136 135 131 126 126 117
 111 138 134 135 138 136 137 136 133 135 136 131 129 127 123 120
 107 134 131 136 137 133 133 134 130 135 131 131 128 123 121 119
  68  71  80  78  76  69  80  77  70  74  79  74  72  79  73  67
  42  46  45  44  42  42  42  42  40  42  39  41  40  37  37  35
  41  42  43  40  41  39  36  36  38  38  37  36  37  38  37  36
  41  40  39  37  39  37  37  39  36  35  37  36  37  37  33  36
  40  38  37  37  38  36  35  37  35  35  36  36  38  38  35  36
  38  38  37  36  35  34  35  36  36  37  36  37  37  35  36  37
  36  39  39  36  37  36  35  35  38  38  37  34  35  35  37  36
  35  34  37  36  34  34  35  33  35  34  34  34  35  38  39  37
  37  35  37  35  33  35  35  34  34  35  35  35  35  36  37  36
  36  37  36  36  35  35  35  34  35  37  38  35  35  35  35  35
  36  35  36  37  35  35  34  34  36  38  38  34  38  35  34  36
 101 117 122 118 115 119 118 108 110 113 111 109 115 110 105 105
 110 126 124 121 123 121 120 121 118 118 119 119 119 114 113 109
 110 124 124 124 124 123 122 121 121 122 120 119 118 116 114 106
 103 121 125 124 123 126 122 122 124 124 119 120 118 116 113 105
  98 121 123 119 122 123 122 123 122 119 120 119 116 116 112 108
  56  59  68  70  61  60  68  66  58  61  69  60  58  65  64  59
  39  38  39  36  37  36  36  35  30  34  33  34  33  32  32  33
  37  36  35  34  34  36  35  34  33  33  32  31  33  32  32  31
  35  35  34  33  33  33  32  33  33  33  32  32  31  31  35  31
  35  35  33  31  32  30  30  30  30  34  33  30  32  31  31  31
  32  34  35  34  33  31  31  29  29  31  30  29  31  34  34  30
  33  29  30  30  31  32  32  29  28  31  31  29  30  29  31  30
  32  32  30  30  29  30  32  30  29  30  29  29  32  30  28  29
  30  29  29  30  32  30  30  31  31  31  31  31  32  29  28  30
  30  30  32  29  29  30  30  30  28  29  29  30  32  31  30  31
  32  31  32  29  31  31  31  28  26  30  30  31  30  30  32  31
  98 116 120 117 113 113 117 110 111 118 111 108 108 109 105 104
 103 117 117 119 118 120 118 118 118 119 116 116 112 113 112 102
 102 117 120 120 119 118 118 117 119 119 117 117 115 114 111 103
  99 118 119 119 116 115 117 117 117 117 117 117 114 112 111 105
  96 114 117 115 115 116 114 116 114 114 115 113 110 108 109 102
  58  56  67  66  55  54  64  64  55  60  68  54  56  65  60  55
  40  38  38  37  37  37  37  33  36  35  34  34  36  35  36  33
  37  33  36  35  35  36  31  34  34  35  34  34  35  31  31  31
  35  31  33  32  33  33  32  33  32  32  34  34  34  33  31  34
  34  35  37  37  37  36  34  31  32  31  31  33  30  33  35  32
  36  36  33  30  34  35  31  32  33  31  32  33  34  31  31  31
  33  36  33  33  36  31  31  34  31  32  31  32  33  32  31  32
  32  32  36  34  38  33  32  33  31  35  34  37  32  32  32  32
  34  31  32  32  33  32  30  32  31  31  32  32  30  30  33  36
  32  31  30  30  34  32  31  33  35  37  34  33  29  31  34  32
  30  31  30  30  31  32  32  33  35  36  34  33  34  33  32  31

 112 119 117 120 119  67  35  36  36  36  37  36  37  36  35  36
 114 128 126 123 121  73  37  37  33  35  36  37  39  37  35  34
 121 131 126 127 123  79  37  38  37  38  35  35  38  36  35  35
 121 133 131 129 128  72  40  37  37  38  37  35  35  35  35  38
 120 133 135 131 131  74  41  36  36  36  37  34  34  35  35  34
 123 135 136 136 131  79  39  37  37  36  36  37  34  35  38  38
 126 135 132 135 135  74  42  38  35  35  37  38  34  35  37  38
 124 136 135 133 130  70  40  38  36  35  36  38  35  34  35  36
 122 136 138 136 134  77  42  36  39  37  36  35  33  34  34  34
 129 138 139 137 133  80  42  36  37  35  35  35  35  35  35  34
 130 136 138 136 133  69  42  39  37  36  34  36  34  35  35  35
 126 137 139 138 137  76  42  41  39  38  35  37  34  33  35  35
 130 139 136 135 136  78  44  40  37  37  36  36  36  35  36  37
 130 138 133 134 131  80  45  43  39  37  37  39  37  37  36  36
 126 134 134 138 134  71  46  42  40  38  38  39  34  35  37  35
 106 116 114 111 107  68  42  41  41  40  38  36  35  37  36  36
 105 109 106 105 108  59  33  31  31  31  30  30  29  30  31  31
 105 113 114 113 112  64  32  32  35  31  34  31  28  28  30  32
 110 114 116 116 116  65  32  32  31  31  34  29  30  29  31  30
 115 119 118 118 116  58  33  33  31  32  31  30  32  32  32  30
 109 119 119 120 119  60  34  31  32  30  29  29  29  31  30  31
 111 119 120 119 120  69  33  32  32  33  30  31  29  31  29  30
 113 118 122 124 119  61  34  33  33  34  31  31  30  31  29  30
 110 118 121 124 122  58  30  33  33  30  29  28  29  31  28  26
 108 121 121 122 123  66  35  34  33  30  29  29  30  31  30  28
 118 120 122 122 122  68  36  35  32  30  31  32  32  30  30  31
 119 121 123 126 123  60  36  36  33  30  31  32  30  30  30  31
 115 123 124 123 122  61  37  34  33  32  33  31  29  32  29  31
 118 121 124 124 119  70  36  34  33  31  34  30  30  30  29  29
 122 124 124 125 123  68  39  35  34  33  35  30  30  29  32  32
 117 126 124 121 121  59  38  36  35  35  34  29  32  29  30  31
 101 110 110 103  98  56  39  37  35  35  32  33  32  30  30  32
 104 102 103 105 102  55  33  31  34  32  31  32  32  36  32  31
 105 112 111 111 109  60  36  31  31  35  31  31  32  33  34  32
 109 113 114 112 108  65  35  31  33  33  31  32  32  30  31  33
 108 112 115 114 110  56  36  35  34  30  34  33  32  30  29  34
 108 116 117 117 113  54  34  34  34  33  33  32  37  32  33  33
 111 116 117 117 115  68  34  34  34  31  32  31  34  32  34  34
 118 119 119 117 114  60  35  35  32  31  31  32  35  31  37  36
 111 118 119 117 114  55  36  34  32  32  33  31  31  31  35  35
 110 118 117 117 116  64  33  34  33  31  32  34  33  32  33  33
 117 118 118 117 114  64  37  31  32  34  31  31  32  30  31  32
 113 120 118 115 116  54  37  36  33  36  35  31  33  32  32  32
 113 118 119 116 115  55  37  35  33  37  34  36  38  33  34  31
 117 119 120 119 115  66  37  35  32  37  30  33  34  32  30  30
 120 117 120 119 117  67  38  36  33  37  33  33  36  32  30  30
 116 117 117 118 114  56  38  33  31  35  36  36  32  31  31  31
  98 103 102  99  96  58  40  37  35  34  36  33  32  34  32  30

  36  34  35  38  34  38  38  36  34  34  35  35  37  36  35  36
  35  35  35  35  35  38  37  35  34  35  35  35  36  36  37  36
  36  37  36  35  35  35  35  34  34  35  35  33  35  37  35  37
  37  39  38  35  34  34  34  35  33  35  34  34  36  37  34  35
  36  37  35  35  34  37  38  38  35  35  36  37  36  39  39  36
  37  36  35  37  37  36  37  36  36  35  34  35  36  37  38  38
  36  35  38  38  36  36  35  35  37  35  36  38  37  37  38  40
  36  33  37  37  36  37  35  36  39  37  37  39  37  39  40  41
  36  37  38  37  36  37  38  38  36  36  39  41  40  43  42  41
  35  37  37  40  41  39  42  40  42  42  42  42  44  45  46  42
  67  73  79  72  74  79  74  70  77  80  69  76  78  80  71  68
 119 121 123 128 131 131 135 130 134 133 133 137 136 131 134 107
 120 123 127 129 131 136 135 133 136 137 136 138 135 134 138 111
 117 126 126 131 135 136 132 135 138 139 138 139 136 133 134 114
 119 128 131 133 133 135 135 136 136 138 136 137 139 138 134 116
 112 114 121 121 120 123 126 124 122 129 130 126 130 130 126 106
  31  32  30  30  31  30  30  26  28  31  31  31  29  32  31  32
  31  30  31  32  30  29  29  28  30  30  30  29  29  32  30  30
  30  28  29  32  31  31  31  31  31  30  30  32  30  29  29  30
  29  28  30  32  29  29  30  29  30  32  30  29  30  30  32  32
  30  31  29  30  29  31  31  28  29  32  32  31  30  30  29  33
  30  34  34  31  29  30  31  29  29  31  31  33  34  35  34  32
  31  31  31  32  30  33  34  30  30  30  30  32  31  33  35  35
  31  35  31  31  32  32  33  33  33  32  33  33  33  34  35  35
  31  32  32  33  31  32  33  33  34  35  36  34  34  35  36  37
  33  32  32  33  34  33  34  30  35  36  36  37  36  39  38  39
  59  64  65  58  60  69  61  58  66  68  60  61  70  68  59  56
 108 112 116 116 119 120 119 122 123 122 123 122 119 123 121  98
 105 113 116 118 120 119 124 124 122 122 126 123 124 125 121 103
 106 114 116 118 119 120 122 121 121 122 123 124 124 124 124 110
 109 113 114 119 119 119 118 118 121 120 121 123 121 124 126 110
 105 105 110 115 109 111 113 110 108 118 119 115 118 122 117 101
  31  32  33  34  33  34  36  35  33  32  32  31  30  30  31  30
  32  34  31  29  33  34  37  35  33  31  32  34  30  30  31  32
  36  33  30  30  32  32  31  31  32  30  32  33  32  32  31  34
  32  32  32  32  37  34  35  31  33  32  33  38  34  36  32  32
  32  31  32  33  32  31  32  31  34  31  31  36  33  33  36  33
  31  31  31  34  33  32  31  33  32  31  35  34  30  33  36  36
  32  35  33  30  33  31  31  32  31  34  36  37  37  37  35  34
  34  31  33  34  34  34  32  32  33  32  33  33  32  33  31  35
  31  31  31  35  34  34  35  34  34  31  36  35  35  36  33  37
  33  36  35  36  34  34  35  36  33  37  37  37  37  38  38  40
  55  60  65  56  54  68  60  55  64  64  54  55  66  67  56  58
 102 109 108 110 113 115 114 114 116 114 116 115 115 117 114  96
 105 111 112 114 117 117 117 117 117 117 115 116 119 119 118  99
 103 111 114 115 117 117 119 119 117 118 118 119 120 120 117 102
 102 112 113 112 116 116 119 118 118 118 120 118 119 117 117 103
 104 105 109 108 108 111 118 111 110 117 113 113 117 120 116  98

  36  36  37  35  36  38  40  41  41  42  68 107 111 114 116 106
  35  37  35  34  39  38  38  40  42  46  71 134 138 134 134 126
  36  36  37  37  39  37  37  39  43  45  80 131 134 133 138 130
  37  36  35  36  36  36  37  37  40  44  78 136 135 136 139 130
  35  35  33  34  37  35  38  39  41  42  76 137 138 139 137 126
  35  35  35  34  36  34  36  37  39  42  69 133 136 138 136 130
  34  35  35  35  35  35  35  37  36  42  80 133 137 139 138 129
  34  34  34  33  35  36  37  39  36  42  77 134 136 138 136 122
  36  35  34  35  38  36  35  36  38  40  70 130 133 135 136 124
  38  37  35  34  38  37  35  35  38  42  74 135 135 132 135 126
  38  38  35  34  37  36  36  37  37  39  79 131 136 136 135 123
  34  35  35  34  34  37  36  36  36  41  74 131 131 135 133 120
  38  35  35  35  35  37  38  37  37  40  72 128 129 131 133 121
  35  35  36  38  35  35  38  37  38  37  79 123 127 126 131 121
  34  35  37  39  37  36  35  33  37  37  73 121 123 126 128 114
  36  35  36  37  36  37  36  36  36  35  67 119 120 117 119 112
  32  30  30  32  33  32  35  35  37  39  56  98 103 110 110 101
  31  30  29  32  29  34  35  35  36  38  59 121 121 124 126 117
  32  32  29  30  30  35  33  34  35  39  68 123 125 124 124 122
  29  29  30  30  30  34  31  33  34  36  70 119 124 124 121 118
  31  29  32  29  31  33  32  33  34  37  61 122 123 124 123 115
  31  30  30  30  32  31  30  33  36  36  60 123 126 123 121 119
  31  30  30  32  32  31  30  32  35  36  68 122 122 122 120 118
  28  30  31  30  29  29  30  33  34  35  66 123 122 121 121 108
  26  28  31  29  28  29  30  33  33  30  58 122 124 121 118 110
  30  29  31  30  31  31  34  33  33  34  61 119 124 122 118 113
  30  29  31  29  31  30  33  32  32  33  69 120 119 120 119 111
  31  30  31  29  29  29  30  32  31  34  60 119 120 119 119 109
  30  32  32  32  30  31  32  31  33  33  58 116 118 118 119 115
  30  31  29  30  29  34  31  31  32  32  65 116 116 116 114 110
  32  30  28  28  31  34  31  35  32  32  64 112 113 114 113 105
  31  31  30  29  30  30  31  31  31  33  59 108 105 106 109 105
  30  32  34  32  33  36  34  35  37  40  58  96  99 102 103  98
  31  31  31  32  36  36  35  31  33  38  56 114 118 117 117 116
  30  30  32  36  33  33  37  33  36  38  67 117 119 120 117 120
  30  30  32  34  33  30  37  32  35  37  66 115 119 120 119 117
  31  34  33  38  36  34  37  33  35  37  55 115 116 119 118 113
  32  32  32  33  31  35  36  33  36  37  54 116 115 118 120 113
  32  31  30  32  31  31  34  32  31  37  64 114 117 118 118 117
  33  33  32  33  34  32  31  33  34  33  64 116 117 117 118 110
  35  35  31  31  31  33  32  32  34  36  55 114 117 119 118 111
  36  37  31  35  32  31  31  32  35  35  60 114 117 119 119 118
  34  34  32  34  31  32  31  34  34  34  68 115 117 117 116 111
  33  33  32  37  32  33  33  34  34  34  54 113 117 117 116 108
  34  29  30  32  33  34  30  34  35  36  56 110 114 115 112 108
  33  31  30  32  32  31  33  33  31  35  65 108 112 114 113 109
  32  34  33  32  31  31  35  31  31  36  60 109 111 111 112 105
  31  32  36  32  32  31  32  34  31  33  55 102 105 103 102 104

