  34  31  34  37  36  66  92  91  91 103  75  41  38  37  42  41
  35  35  32  34  38  86 114 116 119 116  81  40  36  35  37  37
  34  34  32  32  35  86 112 116 120 115  84  41  34  38  39  41
  34  34  34  34  39  89 112 112 116 115  94  41  36  39  40  41
  33  33  35  35  39  79 110 111 116 115  91  41  43  41  41  42
  59  61  63  60  58  91 110 110 116 114  95  73  72  70  68  59
  96 111 110 109 106 107 111 113 115 113 109 112 109 111 111 102
  97 112 112 109 106 108 110 110 117 114 112 113 112 110 111 102
 101 114 110  96  98 103 108 111 114 113 111 110 111 108 110 105
 110 115 106  96  96 104 106 106 111 113 114 110 111 113 110 107
 108 115 111 104 108 105 105 108 110 113 113 112 113 113 112 103
  96 115 113 108 109 107 110 108 109 112 111 112 112 113 113 102
 103 115 114 108 106 107 108 109 111 111 108 108 110 113 109  99
 103 109 110 110 109 106 106 109 108 109 106 106 104 106 103  93
  98 109 109 106 106 108 102  99 103 108 105 106 108 109 102  90
  89 103 101  97 100  99 101  95  99 105 101  98  97 103  94  79
  31  32  32  35  34  65  89  86  92  99  69  33  30  30  30  32
  29  32  28  29  33  83 112 115 117 115  75  33  31  29  31  35
  30  31  31  29  33  80 110 113 114 112  83  34  32  34  33  33
  28  32  31  30  32  83 111 111 113 114  90  32  31  32  32  33
  31  29  32  30  30  75 107 110 115 114  87  34  32  37  34  33
  56  64  61  58  51  85 109 114 112 112  98  74  69  71  61  56
  90 109 107 104 103 106 106 107 110 111 114 112 108 107 104 102
  95 111 106 100  99 105 105 101 108 109 106 106 106 108 108 104
 100 111 105  92  93 101 105 107 109 109 108 109 110 111 110 105
 102 113 106  93  98 104 104 105 107 107 107 106 109 107 107 105
 104 110 109 101 104 105 106 102 106 106 106 105 105 105 104 103
  95 110 107 101 100 103 100 102 107 106 104 103 101 102 103  97
  94 110 108 102 104 103 100 101 103 106 102 101  98 102 102  95
  95 109 107 101 104 101 100 100 101 102 100 104 102 105 102  94
  91 102 105 101 102  96  98  97  97  99  98  99  97  98 101  93
  89  98  98  94  93  88  92  92  95  99  95  95  94  94  94  80
  32  32  29  30  32  61  90  90  95  95  73  41  35  33  36  35
  30  32  33  33  35  72 104 106 107 108  80  36  34  38  38  35
  32  30  31  34  35  73 105 105 109 109  77  34  35  34  37  36
  31  31  31  33  36  75 101 107 105 103  83  39  38  37  37  36
  30  34  32  32  34  64 102 102 101 100  83  36  38  35  38  36
  54  62  57  55  57  80 100  98 101 104  88  69  66  65  58  55
  83  97 100  94  97  94  98  98 102 107 102  97  93  97  97  93
  91 104  99  84  90  94  97  97  98 105 103  99  95  95  98  93
  92 105  99  84  83  91  98  99 107 105  99  98  93  97  99  96
  92 102  94  89  90  93  99  99  97  98  99  97  98  98  98 100
  92 100  99  95  88  93  94  99  98  97 100  96  97  99 103  93
  83 103 102 100  98  97  97  97 100  96  97  94  99  99  99 102
  89 103 102 100  96  95  96  96  99  94  95  92  93  96  98  94
  94 102 100  97  90  95  95  94  97  96  96  89  88  92  97  89
  90 100  99  90  88  91  89  90  95  95  91  90  89  88  92  79
  87  93  86  83  87  82  83  80  85  88  85  88  82  84  79  71

  41  37  41  41  42  59 102 102 105 107 103 102  99  93  90  79
  42  37  39  40  41  68 111 111 110 110 112 113 109 103 102  94
  37  35  38  39  41  70 111 110 108 113 113 113 113 106 109 103
  38  36  34  36  43  72 109 112 111 111 113 112 110 104 108  97
  41  40  41  41  41  73 112 113 110 110 112 112 108 106 106  98
  75  81  84  94  91  95 109 112 111 114 113 111 108 106 105 101
 103 116 115 115 115 114 113 114 113 113 113 112 111 109 108 105
  91 119 120 116 116 116 115 117 114 111 110 109 111 108 103  99
  91 116 116 112 111 110 113 110 111 106 108 108 109 109  99  95
  92 114 112 112 110 110 111 110 108 106 105 110 108 106 102 101
  66  86  86  89  79  91 107 108 103 104 105 107 107 106 108  99
  36  38  35  39  39  58 106 106  98  96 108 109 106 109 106 100
  37  34  32  34  35  60 109 109  96  96 104 108 108 110 106  97
  34  32  32  34  35  63 110 112 110 106 111 113 114 110 109 101
  31  35  34  34  33  61 111 112 114 115 115 115 115 109 109 103
  34  35  34  34  33  59  96  97 101 110 108  96 103 103  98  89
  32  35  33  33  33  56 102 104 105 105 103  97  95  94  93  80
  30  31  33  32  34  61 104 108 110 107 104 103 102 102 101  94
  30  29  34  32  37  71 107 108 111 107 105 102 102 105  98  94
  30  31  32  31  32  69 108 106 110 109 105 101  98 102  97  94
  33  33  34  32  34  74 112 106 109 106 105 103 101 104  99  95
  69  75  83  90  87  98 114 106 108 107 106 104 102 100  98  95
  99 115 112 114 114 112 111 109 109 107 106 106 106 102  99  99
  92 117 114 113 115 112 110 108 109 107 106 107 103 101  97  95
  86 115 113 111 110 114 107 101 107 105 102 102 101 100  97  92
  89 112 110 111 107 109 106 105 105 104 106 100 100 100  98  92
  65  83  80  83  75  85 106 105 101 104 105 103 103 101  96  88
  34  33  33  32  30  51 103  99  93  98 104 100 104 104 102  93
  35  29  29  30  30  58 104 100  92  93 101 101 102 101 101  94
  32  28  31  31  32  61 107 106 105 106 109 107 108 107 105  98
  32  32  31  32  29  64 109 111 111 113 110 110 110 109 102  98
  31  29  30  28  31  56  90  95 100 102 104  95  94  95  91  89
  35  35  36  36  36  55  93  93  96 100  93 102  94  89  79  71
  36  38  37  37  38  58  97  98  99  98 103  99  98  97  92  79
  33  38  34  37  35  65  97  95  97  98  99  99  96  92  88  84
  35  34  35  38  38  66  93  95  93  98  97  99  93  88  89  82
  41  36  34  39  36  69  97  99  98  97  96  94  92  89  90  88
  73  80  77  83  83  88 102 103  99  99 100  97  95  96  91  85
  95 108 109 103 100 104 107 105 105  98  97  96  94  96  95  88
  95 107 109 105 101 101 102  98 107  97  98 100  99  97  95  85
  90 106 105 107 102  98  98  97  99  99  99  97  96  94  90  80
  90 104 105 101 102 100  98  97  98  99  94  97  96  95  89  83
  61  72  73  75  64  80  94  94  91  93  93  97  95  95  91  82
  32  35  35  36  34  57  97  90  83  90  88  98  96  90  88  87
  30  33  34  33  32  55  94  84  84  89  95 100 100  97  90  83
  29  33  31  31  32  57 100  99  99  94  99 102 102 100  99  86
  32  32  30  31  34  62  97 104 105 102 100 103 103 102 100  93
  32  30  32  31  30  54  83  91  92  92  92  83  89  94  90  87

  79  94 103  97  98 101 105  99  95 101  99 100  97 101 103  89
  90 102 109 108 106 105 108 103  99 102 108 106 106 109 109  98
  93 103 106 104 106 106 109 108 109 106 106 109 110 110 109 103
  99 109 113 110 108 108 111 111 109 108 107 106 108 114 115 103
 102 113 113 112 112 111 112 109 108 110 107 109 108 113 115  96
 103 112 113 113 112 113 113 110 108 105 105 108 104 111 115 108
 107 110 113 111 110 114 113 111 106 106 104  96  96 106 115 110
 105 110 108 111 110 111 113 114 111 108 103  98  96 110 114 101
 102 111 110 112 113 112 114 117 110 110 108 106 109 112 112  97
 102 111 111 109 112 109 113 115 113 111 107 106 109 110 111  96
  59  68  70  72  73  95 114 116 110 110  91  58  60  63  61  59
  42  41  41  43  41  91 115 116 111 110  79  39  35  35  33  33
  41  40  39  36  41  94 115 116 112 112  89  39  34  34  34  34
  41  39  38  34  41  84 115 120 116 112  86  35  32  32  34  34
  37  37  35  36  40  81 116 119 116 114  86  38  34  32  35  35
  41  42  37  38  41  75 103  91  91  92  66  36  37  34  31  34
  80  94  94  94  95  95  99  95  92  92  88  93  94  98  98  89
  93 101  98  97  99  98  99  97  97  98  96 102 101 105 102  91
  94 102 105 102 104 100 102 101 100 100 101 104 101 107 109  95
  95 102 102  98 101 102 106 103 101 100 103 104 102 108 110  94
  97 103 102 101 103 104 106 107 102 100 103 100 101 107 110  95
 103 104 105 105 105 106 106 106 102 106 105 104 101 109 110 104
 105 107 107 109 106 107 107 107 105 104 104  98  93 106 113 102
 105 110 111 110 109 108 109 109 107 105 101  93  92 105 111 100
 104 108 108 106 106 106 109 108 101 105 105  99 100 106 111  95
 102 104 107 108 112 114 111 110 107 106 106 103 104 107 109  90
  56  61  71  69  74  98 112 112 114 109  85  51  58  61  64  56
  33  34  37  32  34  87 114 115 110 107  75  30  30  32  29  31
  33  32  32  31  32  90 114 113 111 111  83  32  30  31  32  28
  33  33  34  32  34  83 112 114 113 110  80  33  29  31  31  30
  35  31  29  31  33  75 115 117 115 112  83  33  29  28  32  29
  32  30  30  30  33  69  99  92  86  89  65  34  35  32  32  31
  71  79  84  82  88  85  88  85  80  83  82  87  83  86  93  87
  79  92  88  89  90  91  95  95  90  89  91  88  90  99 100  90
  89  97  92  88  89  96  96  97  94  95  95  90  97 100 102  94
  94  98  96  93  92  95  94  99  96  96  95  96 100 102 103  89
 102  99  99  99  94  97  96 100  97  97  97  98 100 102 103  83
  93 103  99  97  96 100  97  98  99  94  93  88  95  99 100  92
 100  98  98  98  97  99  98  97  99  99  93  90  89  94 102  92
  96  99  97  93  98  99 105 107  99  98  91  83  84  99 105  92
  93  98  95  95  99 103 105  98  97  97  94  90  84  99 104  91
  93  97  97  93  97 102 107 102  98  98  94  97  94 100  97  83
  55  58  65  66  69  88 104 101  98 100  80  57  55  57  62  54
  36  38  35  38  36  83 100 101 102 102  64  34  32  32  34  30
  36  37  37  38  39  83 103 105 107 101  75  36  33  31  31  31
  36  37  34  35  34  77 109 109 105 105  73  35  34  31  30  32
  35  38  38  34  36  80 108 107 106 104  72  35  33  33  32  30
  35  36  33  35  41  73  95  95  90  90  61  32  30  29  32  32

  89  98 103 103  96 108 110 101  97  96  59  33  34  34  35  34
 103 109 109 115 115 115 115 114 112 111  61  33  34  34  35  31
 101 109 110 114 113 111 106 110 112 110  63  35  34  32  32  34
  97 106 110 108 108 104  96  96 109 109  60  35  34  32  34  37
 100 106 109 106 109 108  96  98 106 106  58  39  39  35  38  36
  99 108 106 107 107 105 104 103 108 107  91  79  89  86  86  66
 101 102 106 108 110 105 106 108 110 111 110 110 112 112 114  92
  95  99 109 109 108 108 106 111 110 113 110 111 112 116 116  91
  99 103 108 111 109 110 111 114 117 115 116 116 116 120 119  91
 105 108 109 111 112 113 113 113 114 113 114 115 115 115 116 103
 101 105 106 108 111 113 114 111 112 109  95  91  94  84  81  75
  98 106 106 108 112 112 110 110 113 112  73  41  41  41  40  41
  97 108 104 110 112 113 111 111 112 109  72  43  36  34  36  38
 103 109 106 113 113 113 113 108 110 111  70  41  39  38  35  37
  94 102 103 109 113 112 110 110 111 111  68  41  40  39  37  42
  79  90  93  99 102 103 107 105 102 102  59  42  41  41  37  41
  89  91  95  94  95 104 102 100  95  90  56  31  28  30  29  31
  98 102 109 110 110 110 113 111 111 109  64  29  32  31  32  32
  98 105 107 108 107 109 106 105 106 107  61  32  31  31  28  32
  94 101 101 102 101 101  93  92 100 104  58  30  30  29  29  35
  93 102 104 104 100 104  98  93  99 103  51  30  32  33  33  34
  88  96 101 103 103 105 104 101 105 106  85  75  83  80  83  65
  92  98 100 100 100 106 104 105 105 106 109 107 111 110 112  89
  92  97 100 101 102 102 105 107 101 107 114 110 111 113 115  86
  95  97 101 103 107 106 107 109 108 110 112 115 113 114 117  92
  99  99 102 106 106 106 107 109 109 111 112 114 114 112 115  99
  95  98 100 102 104 106 107 108 106 114  98  87  90  83  75  69
  95  99 104 101 103 105 106 109 106 112  74  34  32  34  33  33
  94  97 102  98 101 105 109 110 106 108  69  32  31  32  31  30
  94  98 105 102 102 105 107 111 108 107  71  37  32  34  29  30
  94 101 102 102 103 104 107 110 108 104  61  34  32  33  31  30
  80  93  94  95  97 103 105 105 104 102  56  33  33  33  35  32
  87  90  94  89  83  92  92  92  91  83  54  30  31  32  30  32
  93 100 102 103 103 100 102 105 104  97  62  34  31  30  32  32
  86  99 100 102 102  99  94  99  99 100  57  32  31  31  33  29
  83  90  97 100 100  95  89  84  84  94  55  32  33  34  33  30
  87  88  90  96  98  88  90  83  90  97  57  34  36  35  35  32
  82  91  95  95  97  93  93  91  94  94  80  64  75  73  72  61
  83  89  95  96  97  94  99  98  97  98 100 102 101 105 104  90
  80  90  94  96  97  99  99  99  97  98  98 102 107 105 106  90
  85  95  97  99 100  98  97 107  98 102 101 101 105 109 107  95
  88  95  96  94  96  97  98 105 105 107 104 100 103 109 108  95
  85  91  96  95  97 100  99  99 103 102  88  83  83  77  80  73
  88  90  89  92  94  96  97  98  99  97  69  36  39  34  36  41
  82  89  88  93  99  97  98  93  95  93  66  38  38  35  34  35
  84  88  92  96  99  99  98  97  95  97  65  35  37  34  38  33
  79  92  97  98  99 103  98  99  98  97  58  38  37  37  38  36
  71  79  89  94 102  93 100  96  93  93  55  36  36  36  35  35

