  71  70  70  64  69  87 122 126 117 127 129 122 121 122 112 111
  67  69  67  63  65 100 137 140 138 141 142 140 139 137 132 128
  65  67  65  63  62  94 136 143 138 140 142 138 136 135 131 129
  63  67  65  62  62  88 140 140 140 137 141 140 137 134 134 129
  62  65  63  61  63  87 141 140 141 143 142 141 139 133 128 124
  83  97 103  94  93 114 140 143 141 142 132  95  93  94  96  90
 119 140 139 142 140 139 140 141 139 139 124  55  56  53  51  51
 124 138 140 145 145 138 138 138 138 135 118  56  57  50  48  45
 120 137 137 140 140 139 137 135 135 131 105  55  52  47  45  42
 114 139 138 140 137 135 133 131 135 133 109  50  48  43  44  42
  94 102 117 106 102 106 109 102 104 110  94  46  46  43  42  40
  53  51  52  50  52  49  49  50  48  45  43  45  41  40  43  39
  49  49  48  49  49  48  45  43  42  43  43  40  40  38  40  38
  44  43  44  44  45  41  38  40  40  38  38  37  37  38  36  37
  41  43  43  40  41  38  38  41  38  39  39  39  37  37  36  35
  42  42  42  38  41  37  38  39  37  38  39  38  35  38  38  39
  55  56  56  53  52  71 117 114 106 113 114 104 108 110 102 101
  52  53  52  51  52  84 127 125 125 125 126 124 120 120 119 118
  52  49  49  51  52  80 124 125 128 125 127 125 121 119 119 119
  51  48  48  49  50  76 124 125 126 126 125 124 121 118 117 117
  49  47  49  50  51  75 124 126 127 125 123 123 122 116 115 116
  77  85  96  82  85  99 127 126 126 123 115  76  76  79  78  75
 108 126 126 125 125 126 125 125 124 124 112  42  44  42  41  38
 116 126 125 123 123 127 123 120 119 121 104  41  42  39  39  39
 112 123 124 125 125 124 123 121 119 118  94  40  41  38  39  39
 107 122 125 126 123 121 120 120 119 115  96  37  39  40  38  36
  78  90  97  90  86  93  94  90  84  92  85  38  39  37  37  34
  41  41  42  40  41  39  39  37  35  38  35  35  35  33  33  32
  39  40  40  39  39  37  37  36  35  35  34  33  33  30  32  32
  41  38  38  36  37  35  35  34  33  35  31  33  33  30  31  31
  38  38  37  35  36  36  35  34  31  35  32  32  32  32  32  31
  37  37  36  33  35  34  33  34  31  34  31  30  32  29  31  31
  57  56  57  57  56  76 114 115 110 116 115 109 107 112 102 105
  61  55  54  57  57  91 119 119 123 123 121 119 120 117 119 114
  57  54  54  51  56  86 121 121 123 124 118 120 121 118 119 112
  54  52  52  49  54  81 118 122 124 124 118 121 119 119 118 110
  54  53  54  53  56  80 123 124 123 125 122 117 114 114 114 113
  78  97  96  91  90 105 121 123 119 121 110  69  72  74  75  69
 106 121 122 120 118 119 121 119 117 116 108  48  49  44  40  40
 110 122 124 126 124 118 119 119 119 114  98  48  46  44  39  38
 109 124 124 122 119 116 116 117 117 116  91  42  44  42  38  40
 106 119 120 117 119 119 118 114 115 115  96  44  43  39  39  38
  78  84  93  89  81  89  84  83  81  83  79  38  38  38  37  37
  45  43  45  41  45  42  44  42  40  39  40  38  36  38  37  37
  44  43  42  40  41  39  39  38  38  37  37  36  37  38  38  37
  40  40  39  38  38  38  38  37  38  37  38  36  37  37  39  39
  39  39  37  37  37  37  36  37  39  36  38  36  37  33  37  36
  38  38  37  37  37  37  37  38  38  36  36  34  36  36  36  36

 111 128 129 129 124  90  51  45  42  42  40  39  38  37  35  39
 112 132 131 134 128  96  51  48  45  44  42  43  40  36  36  38
 122 137 135 134 133  94  53  50  47  43  43  40  38  38  37  38
 121 139 136 137 139  93  56  57  52  48  46  41  40  37  37  35
 122 140 138 140 141  95  55  56  55  50  46  45  40  37  39  38
 129 142 142 141 142 132 124 118 105 109  94  43  43  38  39  39
 127 141 140 137 143 142 139 135 131 133 110  45  43  38  39  38
 117 138 138 140 141 141 139 138 135 135 104  48  42  40  38  37
 126 140 143 140 140 143 141 138 135 131 102  50  43  40  41  39
 122 137 136 140 141 140 140 138 137 133 109  49  45  38  38  38
  87 100  94  88  87 114 139 138 139 135 106  49  48  41  38  37
  69  65  62  62  63  93 140 145 140 137 102  52  49  45  41  41
  64  63  63  62  61  94 142 145 140 140 106  50  49  44  40  38
  70  67  65  65  63 103 139 140 137 138 117  52  48  44  43  42
  70  69  67  67  65  97 140 138 137 139 102  51  49  43  43  42
  71  67  65  63  62  83 119 124 120 114  94  53  49  44  41  42
 101 118 119 117 116  75  38  39  39  36  34  32  32  31  31  31
 102 119 119 117 115  78  41  39  39  38  37  33  32  31  32  31
 110 120 119 118 116  79  42  39  38  40  37  33  30  30  32  29
 108 120 121 121 122  76  44  42  41  39  39  35  33  33  32  32
 104 124 125 124 123  76  42  41  40  37  38  35  33  33  32  30
 114 126 127 125 123 115 112 104  94  96  85  35  34  31  32  31
 113 125 125 126 125 123 124 121 118 115  92  38  35  35  35  34
 106 125 128 126 127 126 124 119 119 119  84  35  35  33  31  31
 114 125 125 125 126 126 125 120 121 120  90  37  36  34  34  34
 117 127 124 124 124 127 125 123 123 120  94  39  37  35  35  33
  71  84  80  76  75  99 126 127 124 121  93  39  37  35  36  34
  52  52  52  50  51  85 125 123 125 123  86  41  39  37  36  35
  53  51  51  49  50  82 125 123 125 126  90  40  39  36  35  33
  56  52  49  48  49  96 126 125 124 125  97  42  40  38  37  36
  56  53  49  48  47  85 126 126 123 122  90  41  40  38  38  37
  55  52  52  51  49  77 108 116 112 107  78  41  39  41  38  37
 105 114 112 110 113  69  40  38  40  38  37  37  37  39  36  36
 102 119 119 118 114  75  40  39  38  39  37  37  38  39  37  36
 112 117 118 119 114  74  44  44  42  39  38  38  38  37  33  36
 107 120 121 119 114  72  49  46  44  43  38  36  37  37  37  36
 109 119 120 121 117  69  48  48  42  44  38  38  36  36  36  34
 115 121 118 118 122 110 108  98  91  96  79  40  37  38  38  36
 116 123 124 124 125 121 116 114 116 115  83  39  37  37  36  36
 110 123 123 124 123 119 117 119 117 115  81  40  38  38  39  38
 115 119 121 122 124 123 119 119 117 114  83  42  38  37  37  38
 114 119 121 118 123 121 121 119 116 118  84  44  39  38  36  37
  76  91  86  81  80 105 119 118 116 119  89  42  39  38  37  37
  56  57  56  54  56  90 118 124 119 119  81  45  41  38  37  37
  57  57  51  49  53  91 120 126 122 117  89  41  40  38  37  37
  57  54  54  52  54  96 122 124 124 120  93  45  42  39  37  37
  56  55  54  52  53  97 121 122 124 119  84  43  43  40  39  38
  57  61  57  54  54  78 106 110 109 106  78  45  44  40  39  38

  39  38  38  35  38  39  38  37  39  38  37  41  38  42  42  42
  35  36  37  37  39  39  39  38  41  38  38  41  40  43  43  41
  37  36  38  37  37  38  38  40  40  38  41  45  44  44  43  44
  38  40  38  40  40  43  43  42  43  45  48  49  49  48  49  49
  39  43  40  41  45  43  45  48  50  49  49  52  50  52  51  53
  40  42  43  46  46  94 110 104 102 109 106 102 106 117 102  94
  42  44  43  48  50 109 133 135 131 133 135 137 140 138 139 114
  42  45  47  52  55 105 131 135 135 137 139 140 140 137 137 120
  45  48  50  57  56 118 135 138 138 138 138 145 145 140 138 124
  51  51  53  56  55 124 139 139 141 140 139 140 142 139 140 119
  90  96  94  93  95 132 142 141 143 140 114  93  94 103  97  83
 124 128 133 139 141 142 143 141 140 141  87  63  61  63  65  62
 129 134 134 137 140 141 137 140 140 140  88  62  62  65  67  63
 129 131 135 136 138 142 140 138 143 136  94  62  63  65  67  65
 128 132 137 139 140 142 141 138 140 137 100  65  63  67  69  67
 111 112 122 121 122 129 127 117 126 122  87  69  64  70  70  71
  31  31  29  32  30  31  34  31  34  33  34  35  33  36  37  37
  31  32  32  32  32  32  35  31  34  35  36  36  35  37  38  38
  31  31  30  33  33  31  35  33  34  35  35  37  36  38  38  41
  32  32  30  33  33  34  35  35  36  37  37  39  39  40  40  39
  32  33  33  35  35  35  38  35  37  39  39  41  40  42  41  41
  34  37  37  39  38  85  92  84  90  94  93  86  90  97  90  78
  36  38  40  39  37  96 115 119 120 120 121 123 126 125 122 107
  39  39  38  41  40  94 118 119 121 123 124 125 125 124 123 112
  39  39  39  42  41 104 121 119 120 123 127 123 123 125 126 116
  38  41  42  44  42 112 124 124 125 125 126 125 125 126 126 108
  75  78  79  76  76 115 123 126 126 127  99  85  82  96  85  77
 116 115 116 122 123 123 125 127 126 124  75  51  50  49  47  49
 117 117 118 121 124 125 126 126 125 124  76  50  49  48  48  51
 119 119 119 121 125 127 125 128 125 124  80  52  51  49  49  52
 118 119 120 120 124 126 125 125 125 127  84  52  51  52  53  52
 101 102 110 108 104 114 113 106 114 117  71  52  53  56  56  55
  36  36  36  36  34  36  36  38  38  37  37  37  37  37  38  38
  36  37  33  37  36  38  36  39  37  36  37  37  37  37  39  39
  39  39  37  37  36  38  37  38  37  38  38  38  38  39  40  40
  37  38  38  37  36  37  37  38  38  39  39  41  40  42  43  44
  37  37  38  36  38  40  39  40  42  44  42  45  41  45  43  45
  37  37  38  38  38  79  83  81  83  84  89  81  89  93  84  78
  38  39  39  43  44  96 115 115 114 118 119 119 117 120 119 106
  40  38  42  44  42  91 116 117 117 116 116 119 122 124 124 109
  38  39  44  46  48  98 114 119 119 119 118 124 126 124 122 110
  40  40  44  49  48 108 116 117 119 121 119 118 120 122 121 106
  69  75  74  72  69 110 121 119 123 121 105  90  91  96  97  78
 113 114 114 114 117 122 125 123 124 123  80  56  53  54  53  54
 110 118 119 119 121 118 124 124 122 118  81  54  49  52  52  54
 112 119 118 121 120 118 124 123 121 121  86  56  51  54  54  57
 114 119 117 120 119 121 123 123 119 119  91  57  57  54  55  61
 105 102 112 107 109 115 116 110 115 114  76  56  57  57  56  57

  42  41  44  49  53  94 114 120 124 119  83  62  63  65  67  71
  42  43  43  49  51 102 139 137 138 140  97  65  67  67  69  70
  42  43  44  48  52 117 138 137 140 139 103  63  65  65  67  70
  38  40  44  49  50 106 140 140 145 142  94  61  62  63  63  64
  41  41  45  49  52 102 137 140 145 140  93  63  62  62  65  69
  37  38  41  48  49 106 135 139 138 139 114  87  88  94 100  87
  38  38  38  45  49 109 133 137 138 140 140 141 140 136 137 122
  39  41  40  43  50 102 131 135 138 141 143 140 140 143 140 126
  37  38  40  42  48 104 135 135 138 139 141 141 140 138 138 117
  38  39  38  43  45 110 133 131 135 139 142 143 137 140 141 127
  39  39  38  43  43  94 109 105 118 124 132 142 141 142 142 129
  38  39  37  40  45  46  50  55  56  55  95 141 140 138 140 122
  35  37  37  40  41  46  48  52  57  56  93 139 137 136 139 121
  38  37  38  38  40  43  43  47  50  53  94 133 134 135 137 122
  38  36  36  40  43  42  44  45  48  51  96 128 134 131 132 112
  39  35  37  38  39  40  42  42  45  51  90 124 129 129 128 111
  37  38  41  39  41  78 107 112 116 108  77  49  51  52  52  55
  37  38  38  40  41  90 122 123 126 126  85  47  48  49  53  56
  36  37  38  40  42  97 125 124 125 126  96  49  48  49  52  56
  33  35  36  39  40  90 126 125 123 125  82  50  49  51  51  53
  35  36  37  39  41  86 123 125 123 125  85  51  50  52  52  52
  34  36  35  37  39  93 121 124 127 126  99  75  76  80  84  71
  33  35  35  37  39  94 120 123 123 125 127 124 124 124 127 117
  34  34  34  36  37  90 120 121 120 125 126 126 125 125 125 114
  31  31  33  35  35  84 119 119 119 124 126 127 126 128 125 106
  34  35  35  35  38  92 115 118 121 124 123 125 126 125 125 113
  31  32  31  34  35  85  96  94 104 112 115 123 125 127 126 114
  30  32  33  33  35  38  37  40  41  42  76 123 124 125 124 104
  32  32  33  33  35  39  39  41  42  44  76 122 121 121 120 108
  29  32  30  30  33  37  40  38  39  42  79 116 118 119 120 110
  31  32  31  32  33  37  38  39  39  41  78 115 117 119 119 102
  31  31  31  32  32  34  36  39  39  38  75 116 117 119 118 101
  38  39  40  44  45  78 106 109 110 106  78  54  54  57  61  57
  38  39  40  43  43  84 119 124 122 121  97  53  52  54  55  56
  37  37  39  42  45  93 120 124 124 122  96  54  52  54  54  57
  37  37  38  40  41  89 117 122 126 120  91  53  49  51  57  57
  37  37  38  41  45  81 119 119 124 118  90  56  54  56  57  56
  37  37  38  39  42  89 119 116 118 119 105  80  81  86  91  76
  37  36  38  39  44  84 118 116 119 121 121 123 118 121 119 114
  38  37  37  38  42  83 114 117 119 119 123 124 122 121 119 115
  38  39  38  38  40  81 115 117 119 117 119 123 124 123 123 110
  36  36  37  37  39  83 115 116 114 116 121 125 124 124 123 116
  36  38  38  37  40  79  96  91  98 108 110 122 118 118 121 115
  34  36  36  36  38  38  44  42  48  48  69 117 121 120 119 109
  36  37  37  37  36  38  43  44  46  49  72 114 119 121 120 107
  36  33  37  38  38  38  39  42  44  44  74 114 119 118 117 112
  36  37  39  38  37  37  39  38  39  40  75 114 118 119 119 102
  36  36  39  37  37  37  38  40  38  40  69 113 110 112 114 105

