  34  36  39  39  39  39  35  36  35  38  39  40  41  39  40  37
  37  36  38  37  38  40  35  37  38  38  38  39  40  40  37  38
  38  38  39  38  38  39  36  39  38  39  37  40  38  39  39  38
  39  39  38  38  38  38  36  36  36  39  39  40  40  41  42  40
  39  41  38  38  38  36  38  38  39  39  40  43  41  42  44  39
  55  69  77  70  67  58  39  37  38  39  48  91  84  91 108 106
  79 118 118 117 117  96  38  38  39  39  45 124 130 135 132 127
  77 118 121 120 127  94  39  37  37  34  42 123 135 136 133 129
  85 119 125 124 128 105  39  38  38  36  47 122 130 131 131 128
  89 121 125 128 131 109  38  37  36  37  46 121 123 124 130 128
  79 125 126 129 131 102  35  34  37  39  44  90  79  80  86  89
  82 123 126 130 129  99  35  36  36  38  40  38  41  40  42  43
  83 120 122 123 129 103  37  34  34  36  36  37  39  39  36  39
  88 120 124 120 123 104  37  35  35  35  36  38  37  36  35  36
  84 119 121 120 123  99  38  36  33  36  37  39  35  35  37  37
  73 111 110 109 115  93  36  32  33  36  35  37  36  34  37  39
  30  29  29  28  32  32  31  29  30  30  30  31  32  31  33  30
  29  28  30  34  32  29  30  30  29  29  29  31  30  32  33  31
  27  29  29  30  31  28  30  30  29  30  29  31  32  30  34  31
  29  31  31  32  32  29  28  31  28  28  29  30  34  33  34  35
  35  33  33  32  35  32  29  28  27  29  32  35  34  36  34  34
  52  63  70  69  65  51  30  30  29  29  45  85  83  88  99 100
  73 108 107 109 112  84  30  29  29  30  37 115 121 123 120 114
  77 110 111 111 114  84  30  29  29  33  39 117 121 121 118 115
  82 111 112 112 116  95  30  29  29  34  39 116 118 120 118 114
  84 115 114 113 118  96  28  29  28  30  36 116 115 115 114 113
  74 116 115 114 116  89  31  27  28  29  32  81  67  69  73  71
  78 112 112 114 117  85  30  29  30  30  28  30  31  30  32  30
  78 110 113 115 118  89  30  30  28  28  28  29  28  28  30  30
  84 108 111 112 116  95  27  28  29  27  28  27  26  26  31  29
  76 105 108 108 113  90  29  27  28  27  28  28  27  29  29  28
  66  95  96  98 106  84  28  27  29  29  27  28  27  29  30  27
  28  30  29  31  30  28  32  31  30  31  31  32  32  31  32  31
  33  30  26  27  31  30  31  30  30  30  31  30  29  29  32  31
  32  31  31  31  31  31  31  29  32  32  32  31  31  32  31  31
  31  32  30  29  30  31  33  26  30  33  31  31  31  32  32  32
  31  32  30  29  31  29  32  26  29  32  29  34  33  37  38  37
  57  61  66  62  63  48  27  28  29  32  45  89  82  81  98  94
  70  95  97 101  99  80  32  28  31  32  36 109 113 115 116 110
  66  98 102 105 105  75  32  27  30  32  34 107 112 113 117 109
  78 102 106 107 108  81  33  29  30  31  41 103 111 110 113 109
  79 102 107 107 108  88  32  28  29  31  44 104 108 104 108 107
  69 100 105 107 109  86  32  31  29  31  38  70  57  60  70  65
  69 107 104 104 109  85  33  30  29  31  31  31  31  33  33  31
  72 103 100  99 101  79  32  27  28  30  26  28  32  31  32  31
  77 102 100 103 103  86  29  25  25  30  26  29  30  31  31  28
  68  97  97 100 101  76  28  27  24  28  31  28  25  27  30  28
  60  92  92  86  90  78  30  31  26  27  29  27  29  28  28  27

  37  38  38  40  39 106 127 129 128 128  89  43  39  36  37  39
  40  37  39  42  44 108 132 133 131 130  86  42  36  35  37  37
  39  40  39  41  42  91 135 136 131 124  80  40  39  36  35  34
  41  40  38  40  41  84 130 135 130 123  79  41  39  37  35  36
  40  39  40  40  43  91 124 123 122 121  90  38  37  38  39  37
  39  38  37  39  40  48  45  42  47  46  44  40  36  36  37  35
  38  38  39  39  39  39  39  34  36  37  39  38  36  35  36  36
  35  38  38  36  39  38  39  37  38  36  37  36  34  35  33  33
  36  37  39  36  38  37  38  37  38  37  34  36  34  35  36  32
  35  35  36  36  38  39  38  39  39  38  35  35  37  37  38  36
  39  40  39  38  36  58  96  94 105 109 102  99 103 104  99  93
  39  38  38  38  38  67 117 127 128 131 131 129 129 123 123 115
  39  37  38  38  38  70 117 120 124 128 129 130 123 120 120 109
  39  38  39  38  38  77 118 121 125 125 126 126 122 124 121 110
  36  36  38  39  41  69 118 118 119 121 125 123 120 120 119 111
  34  37  38  39  39  55  79  77  85  89  79  82  83  88  84  73
  30  31  31  35  34 100 114 115 114 113  71  30  30  29  28  27
  33  33  34  34  34  99 120 118 118 114  73  32  30  31  29  30
  31  32  30  33  36  88 123 121 120 115  69  30  28  26  29  29
  32  30  32  34  34  83 121 121 118 115  67  31  28  26  27  27
  31  31  31  30  35  85 115 117 116 116  81  30  29  27  28  28
  30  29  29  29  32  45  37  39  39  36  32  28  28  28  28  27
  30  29  30  28  29  29  30  33  34  30  29  30  28  27  27  29
  30  29  29  28  27  29  29  29  29  28  28  30  28  29  28  29
  29  30  30  31  28  30  29  29  29  29  27  29  30  28  27  27
  31  30  30  28  29  30  30  30  30  28  31  30  30  27  29  28
  32  29  28  29  32  51  84  84  95  96  89  85  89  95  90  84
  32  32  31  32  35  65 112 114 116 118 116 117 118 116 113 106
  28  34  30  32  32  69 109 111 112 113 114 114 115 112 108  98
  29  30  29  31  33  70 107 111 112 114 115 112 113 111 108  96
  29  28  29  31  33  63 108 110 111 115 116 112 110 108 105  95
  30  29  27  29  35  52  73  77  82  84  74  78  78  84  76  66
  31  31  31  32  37  94 110 109 109 107  65  31  31  28  28  27
  32  32  31  32  38  98 116 117 113 108  70  33  32  31  30  28
  31  29  32  32  37  81 115 113 110 104  60  33  31  31  27  28
  32  29  31  31  33  82 113 112 111 108  57  31  32  30  25  29
  32  30  31  31  34  89 109 107 103 104  70  31  28  29  28  27
  31  31  32  31  29  45  36  34  41  44  38  31  26  26  31  29
  31  30  32  33  32  32  32  32  31  31  31  31  30  30  28  27
  30  30  32  30  29  29  31  30  30  29  29  29  28  25  24  26
  31  30  29  26  26  28  28  27  29  28  31  30  27  25  27  31
  32  31  31  33  32  27  32  32  33  32  32  33  32  29  28  30
  28  30  31  31  29  48  80  75  81  88  86  85  79  86  76  78
  30  31  31  30  31  63  99 105 108 108 109 109 101 103 101  90
  31  27  31  29  29  62 101 105 107 107 107 104  99 103 100  86
  29  26  31  30  30  66  97 102 106 107 105 104 100 100  97  92
  30  30  31  32  32  61  95  98 102 102 100 107 103 102  97  92
  28  33  32  31  31  57  70  66  78  79  69  69  72  77  68  60

  39  37  34  36  37  35  36  33  32  36  93 115 109 110 111  73
  37  37  35  35  39  37  36  33  36  38  99 123 120 121 119  84
  36  35  36  37  38  36  35  35  35  37 104 123 120 124 120  88
  39  36  39  39  37  36  36  34  34  37 103 129 123 122 120  83
  43  42  40  41  38  40  38  36  36  35  99 129 130 126 123  82
  89  86  80  79  90  44  39  37  34  35 102 131 129 126 125  79
 128 130 124 123 121  46  37  36  37  38 109 131 128 125 121  89
 128 131 131 130 122  47  36  38  38  39 105 128 124 125 119  85
 129 133 136 135 123  42  34  37  37  39  94 127 120 121 118  77
 127 132 135 130 124  45  39  39  38  38  96 117 117 118 118  79
 106 108  91  84  91  48  39  38  37  39  58  67  70  77  69  55
  39  44  42  41  43  40  39  39  38  38  36  38  38  38  41  39
  40  42  41  40  40  39  39  36  36  36  38  38  38  38  39  39
  38  39  39  38  40  37  39  38  39  36  39  38  38  39  38  38
  38  37  40  40  39  38  38  38  37  35  40  38  37  38  36  37
  37  40  39  41  40  39  38  35  36  35  39  39  39  39  36  34
  27  30  29  27  28  27  29  29  27  28  84 106  98  96  95  66
  28  29  29  27  28  28  27  28  27  29  90 113 108 108 105  76
  29  31  26  26  27  28  27  29  28  27  95 116 112 111 108  84
  30  30  28  28  29  28  28  28  30  30  89 118 115 113 110  78
  30  32  30  31  30  28  30  30  29  30  85 117 114 112 112  78
  71  73  69  67  81  32  29  28  27  31  89 116 114 115 116  74
 113 114 115 115 116  36  30  28  29  28  96 118 113 114 115  84
 114 118 120 118 116  39  34  29  29  30  95 116 112 112 111  82
 115 118 121 121 117  39  33  29  29  30  84 114 111 111 110  77
 114 120 123 121 115  37  30  29  29  30  84 112 109 107 108  73
 100  99  88  83  85  45  29  29  30  30  51  65  69  70  63  52
  34  34  36  34  35  32  29  27  28  29  32  35  32  33  33  35
  35  34  33  34  30  29  28  28  31  28  29  32  32  31  31  29
  31  34  30  32  31  29  30  29  30  30  28  31  30  29  29  27
  31  33  32  30  31  29  29  29  30  30  29  32  34  30  28  29
  30  33  31  32  31  30  30  30  29  31  32  32  28  29  29  30
  27  28  28  29  27  29  27  26  31  30  78  90  86  92  92  60
  28  30  27  25  28  31  28  24  27  28  76 101 100  97  97  68
  28  31  31  30  29  26  30  25  25  29  86 103 103 100 102  77
  31  32  31  32  28  26  30  28  27  32  79 101  99 100 103  72
  31  33  33  31  31  31  31  29  30  33  85 109 104 104 107  69
  65  70  60  57  70  38  31  29  31  32  86 109 107 105 100  69
 107 108 104 108 104  44  31  29  28  32  88 108 107 107 102  79
 109 113 110 111 103  41  31  30  29  33  81 108 107 106 102  78
 109 117 113 112 107  34  32  30  27  32  75 105 105 102  98  66
 110 116 115 113 109  36  32  31  28  32  80  99 101  97  95  70
  94  98  81  82  89  45  32  29  28  27  48  63  62  66  61  57
  37  38  37  33  34  29  32  29  26  32  29  31  29  30  32  31
  32  32  32  31  31  31  33  30  26  33  31  30  29  30  32  31
  31  31  32  31  31  32  32  32  29  31  31  31  31  31  31  32
  31  32  29  29  30  31  30  30  30  31  30  31  27  26  30  33
  31  32  31  32  32  31  31  30  31  32  28  30  31  29  30  28

  73  84  88  83  82  79  89  85  77  79  55  39  39  38  37  34
 111 119 120 120 123 125 121 119 118 118  69  41  39  38  36  36
 110 121 124 122 126 126 125 125 121 118  77  38  38  39  38  39
 109 120 120 123 130 129 128 124 120 117  70  38  38  38  37  39
 115 123 123 129 129 131 131 128 127 117  67  38  38  38  38  39
  93  99 104 103  99 102 109 105  94  96  58  36  38  39  40  39
  36  38  37  37  35  35  38  39  39  38  39  38  36  36  35  35
  32  36  35  34  36  34  37  38  37  38  37  38  36  39  37  36
  33  33  35  34  36  37  36  38  37  39  38  39  36  38  38  35
  36  36  35  36  38  39  37  36  34  39  39  39  39  39  38  38
  35  37  36  36  40  44  46  47  42  45  48  40  39  37  38  39
  37  39  38  37  38  90 121 122 123 124  91  43  40  40  39  40
  36  35  37  39  41  79 123 130 135 130  84  41  40  38  40  41
  34  35  36  39  40  80 124 131 136 135  91  42  41  39  40  39
  37  37  35  36  42  86 130 131 133 132 108  44  42  39  37  40
  39  37  36  39  43  89 128 128 129 127 106  39  40  38  38  37
  66  76  84  78  78  74  84  82  77  73  52  35  29  27  29  30
  95 105 108 110 112 116 115 111 110 108  63  33  31  29  28  29
  96 108 111 113 112 115 114 112 111 107  70  33  31  29  30  29
  98 108 112 115 114 114 113 112 111 109  69  32  32  30  34  28
 106 113 116 118 117 116 118 116 114 112  65  35  32  31  32  32
  84  90  95  89  85  89  96  95  84  84  51  32  29  28  29  32
  28  29  27  30  30  31  28  30  30  30  30  29  28  30  30  31
  27  27  28  30  29  27  29  29  29  29  30  28  31  30  30  29
  29  28  29  28  30  28  28  29  29  29  29  27  28  29  29  30
  29  27  27  28  30  29  30  34  33  30  29  29  28  30  29  30
  27  28  28  28  28  32  36  39  39  37  45  32  29  29  29  30
  28  28  27  29  30  81 116 116 117 115  85  35  30  31  31  31
  27  27  26  28  31  67 115 118 121 121  83  34  34  32  30  32
  29  29  26  28  30  69 115 120 121 123  88  36  33  30  32  31
  30  29  31  30  32  73 114 118 118 120  99  34  34  34  33  33
  27  28  29  30  30  71 113 114 115 114 100  34  35  31  31  30
  60  68  77  72  69  69  79  78  66  70  57  31  31  32  33  28
  92  97 102 103 107 100 102 102  98  95  61  32  32  31  30  30
  92  97 100 100 104 105 107 106 102  97  66  30  30  31  26  29
  86 100 103  99 104 107 107 107 105 101  62  29  29  31  27  31
  90 101 103 101 109 109 108 108 105  99  63  31  30  31  31  30
  78  76  86  79  85  86  88  81  75  80  48  29  31  31  30  28
  30  28  29  32  33  32  32  33  32  32  27  32  33  31  31  32
  31  27  25  27  30  31  28  29  27  28  28  26  26  29  30  31
  26  24  25  28  29  29  29  30  30  31  29  29  30  32  30  30
  27  28  30  30  31  31  31  31  32  32  32  32  33  32  30  31
  29  31  26  26  31  38  44  41  34  36  45  29  31  32  31  31
  27  28  29  28  31  70 104 103 107 109  89  34  31  31  30  32
  29  25  30  32  31  57 108 111 112 113  82  33  31  31  29  32
  28  27  31  31  33  60 104 110 113 115  81  37  32  32  29  31
  28  30  31  32  33  70 108 113 117 116  98  38  32  31  32  32
  27  28  28  31  31  65 107 109 109 110  94  37  32  31  31  31

